CIDEr: 1.1604811812238933 | CLIPScore: 0.77781494140625
CIDEr: 0.987271363539108 | CLIPScore: 0.732764892578125
CIDEr: 0.9868305956348858 | CLIPScore: 0.7332589721679688
